﻿"Manufacturers' sales, inventories, orders and inventory to sales ratios, by industry (dollars unless otherwise noted)" 1 2 3
"Monthly"
"Table: 16-10-0047-01 (formerly CANSIM 304-0014)"
"Geography: Canada"

"","","Manufacturing  [31-33]",,,,,,,,,,,,,,,,,,,,,,,,,,,,,,,,,,,,,,,,,,,
"","","Canada",,,,,,,,,,,,,,,,,,,,,,,,,,,,,,,,,,,,,,,,,,,
"Principal statistics","Seasonal adjustment","January 2016","February 2016","March 2016","April 2016","May 2016","June 2016","July 2016","August 2016","September 2016","October 2016","November 2016","December 2016","January 2017","February 2017","March 2017","April 2017","May 2017","June 2017","July 2017","August 2017","September 2017","October 2017","November 2017","December 2017","January 2018","February 2018","March 2018","April 2018","May 2018","June 2018","July 2018","August 2018","September 2018","October 2018","November 2018","December 2018","January 2019","February 2019","March 2019","April 2019","May 2019","June 2019","July 2019","August 2019"
"","","Dollars",,,,,,,,,,,,,,,,,,,,,,,,,,,,,,,,,,,,,,,,,,,
"Sales of goods manufactured (shipments)","Unadjusted  (x 1,000)","47,780,237","47,563,620","52,007,033","49,366,905","51,998,652","53,983,797","47,516,581","53,399,510","53,346,870","51,821,981","53,796,047","50,841,981","50,108,971","48,976,219","57,230,292","51,628,958","58,611,167","57,616,638","49,952,925","56,130,113","55,050,848","55,228,843","57,654,427","52,059,894","52,258,490","51,266,820","58,596,188","55,147,747","60,995,258","60,622,423","56,143,835","60,255,617","57,977,768","60,736,392","58,674,272","52,553,076","53,928,704","51,327,564","59,498,193","57,457,788","63,435,959","59,263,403","55,741,699","58,803,096"
,"Seasonally adjusted  (x 1,000)","52,462,665","50,082,726","49,437,838","50,360,628","49,902,515","50,509,094","50,810,840","51,289,495","51,442,888","51,461,227","52,197,160","53,466,139","53,735,647","53,598,962","53,601,036","54,300,872","54,964,041","53,843,758","52,743,861","53,685,353","54,020,908","53,901,449","55,913,001","55,940,389","54,947,347","56,313,064","56,843,448","56,014,628","57,192,223","57,977,129","58,247,787","57,870,340","58,091,025","58,259,601","57,104,958","56,366,335","56,782,659","56,659,607","58,177,643","57,779,136","58,739,774","57,860,619","57,124,605","57,577,683"
"New orders, estimated values of orders received during month","Unadjusted  (x 1,000)","49,201,410","45,618,258","49,498,072","49,845,743","52,468,034","55,709,285","47,192,272","52,024,361","52,779,001","52,319,387","53,434,595","49,203,894","50,535,566","49,704,595","58,415,459","53,159,360","57,504,395","55,431,993","48,290,440","56,143,016","53,542,691","57,093,952","57,109,294","51,234,741","51,821,060","54,200,209","59,279,468","56,537,131","64,023,115","61,362,514","56,179,129","60,602,400","57,473,426","61,780,933","59,033,483","59,638,632","53,278,230","51,645,993","59,547,291","57,794,693","64,147,338","57,628,205","53,481,625","59,433,657"
,"Seasonally adjusted  (x 1,000)","53,368,374","48,004,247","46,976,115","50,730,158","50,186,555","52,370,708","50,525,468","50,066,324","51,259,715","52,235,479","51,848,183","51,706,529","53,616,794","54,214,960","54,881,137","55,690,087","53,604,215","51,859,512","51,142,415","53,870,133","52,930,766","56,020,122","55,381,422","54,926,930","53,958,201","59,166,177","57,636,611","57,215,111","59,959,927","58,939,690","58,361,418","58,397,916","58,030,708","59,530,279","57,531,524","63,214,073","55,546,884","56,843,096","58,313,097","57,848,505","59,391,691","56,524,284","54,984,274","58,336,054"
"Unfilled orders, estimated values of orders at end of month","Unadjusted  (x 1,000)","91,476,073","89,530,712","87,021,751","87,500,589","87,969,971","89,695,460","89,371,150","87,996,001","87,428,133","87,925,538","87,564,086","85,926,000","86,352,595","87,080,971","88,266,137","89,796,539","88,689,768","86,505,123","84,842,637","84,855,541","83,347,383","85,212,492","84,667,359","83,842,206","83,404,776","86,338,165","87,021,444","88,410,828","91,438,685","92,178,777","92,214,071","92,560,853","92,056,512","93,101,053","93,460,264","100,545,821","99,895,347","100,213,777","100,262,875","100,599,780","101,311,159","99,675,961","97,415,887","98,046,448"
,"Seasonally adjusted  (x 1,000)","91,412,680","89,334,201","86,872,478","87,242,008","87,526,048","89,387,662","89,102,290","87,879,120","87,695,947","88,470,199","88,121,222","86,361,612","86,242,759","86,858,757","88,138,858","89,528,073","88,168,246","86,184,000","84,582,555","84,767,335","83,677,192","85,795,864","85,264,286","84,250,826","83,261,680","86,114,793","86,907,957","88,108,440","90,876,144","91,838,705","91,952,336","92,479,911","92,419,595","93,690,273","94,116,839","100,964,577","99,728,801","99,912,290","100,047,744","100,117,114","100,769,031","99,432,696","97,292,365","98,050,736"
"Raw materials, fuel, supplies, components, estimated values at end of month","Unadjusted  (x 1,000)","28,889,731","29,032,891","28,992,863","28,490,391","28,340,759","28,228,237","28,774,977","28,716,165","28,773,825","28,352,768","28,177,298","28,657,303","29,435,539","30,332,884","30,659,700","30,784,763","30,853,919","30,713,092","30,807,931","30,947,581","31,056,587","31,186,210","31,328,593","31,519,165","31,975,954","32,753,653","32,708,150","32,955,960","32,924,443","32,911,272","33,512,574","34,051,316","33,894,203","34,243,084","33,748,437","33,920,291","34,761,988","34,735,802","34,755,949","35,319,568","35,475,129","34,901,078","35,175,103","35,221,417"
,"Seasonally adjusted  (x 1,000)","28,644,451","28,537,393","28,509,059","28,381,123","28,551,612","28,549,498","28,939,200","28,861,895","28,876,575","28,505,995","28,341,128","28,729,276","29,226,017","29,907,873","30,209,227","30,674,994","31,036,303","30,995,149","30,953,897","31,056,143","31,114,416","31,353,388","31,507,672","31,590,885","31,767,616","32,320,335","32,270,490","32,821,182","33,094,940","33,187,961","33,685,135","34,159,029","33,944,294","34,420,817","33,925,920","34,001,618","34,596,851","34,332,628","34,348,536","35,130,661","35,563,288","35,160,006","35,316,639","35,359,258"
"Goods or work in process, estimated values at end of month","Unadjusted  (x 1,000)","19,987,568","19,815,753","19,123,704","19,123,781","19,382,925","18,606,873","18,823,939","18,793,585","18,711,483","19,191,066","19,118,240","17,482,956","18,363,697","18,843,308","18,883,083","19,535,116","19,605,160","18,813,191","18,991,731","19,325,762","18,959,622","19,574,114","20,169,936","18,974,153","19,967,267","20,705,753","20,516,108","21,514,625","22,139,595","21,785,851","21,978,184","22,526,363","22,328,971","23,191,566","23,034,330","21,855,973","22,692,025","23,301,879","23,516,488","24,221,642","24,548,192","23,931,233","24,301,481","24,815,512"
,"Seasonally adjusted  (x 1,000)","20,036,544","19,509,829","19,301,191","18,919,592","18,941,402","18,871,706","18,849,655","18,666,467","18,871,634","19,008,457","18,770,769","18,414,627","18,451,791","18,586,509","19,048,163","19,320,351","19,150,759","19,040,859","19,046,159","19,234,802","19,090,241","19,366,717","19,807,031","19,895,491","20,089,554","20,490,589","20,634,886","21,235,273","21,627,016","22,005,150","22,070,760","22,470,316","22,465,718","22,945,537","22,693,358","22,816,429","22,874,832","23,148,832","23,693,726","23,901,917","24,011,631","24,181,586","24,332,002","24,639,853"
"Finished goods manufactured, estimated values at end of  month","Unadjusted  (x 1,000)","22,897,661","23,099,949","22,852,117","23,163,796","23,100,503","23,095,441","23,478,311","23,381,005","23,138,243","23,587,640","23,915,548","23,244,424","24,147,252","24,855,867","25,224,854","25,654,819","25,500,020","25,375,544","25,398,035","25,017,017","24,414,200","24,850,816","25,317,983","25,049,335","25,798,801","26,410,070","26,975,233","27,603,124","26,958,805","26,758,269","26,945,987","26,872,241","27,153,847","27,096,081","27,276,024","26,915,992","27,978,183","28,762,767","29,471,125","30,287,767","30,248,517","29,028,469","28,832,637","28,638,081"
,"Seasonally adjusted  (x 1,000)","23,090,433","22,905,462","22,542,222","22,562,747","22,645,546","22,802,240","23,414,567","23,405,862","23,463,076","24,007,629","24,177,764","23,937,091","24,301,418","24,655,193","24,795,315","24,995,987","25,030,247","25,114,990","25,311,670","25,090,345","24,759,141","25,313,615","25,646,346","25,791,474","25,934,712","26,153,284","26,447,665","26,805,656","26,487,321","26,479,011","26,867,839","27,003,968","27,530,637","27,666,372","27,698,590","27,689,419","28,128,950","28,502,854","28,881,448","29,311,643","29,669,013","28,715,444","28,769,695","28,821,286"
"Total inventory, estimated values of total inventory at end of the month","Unadjusted  (x 1,000)","71,774,960","71,948,593","70,968,684","70,777,968","70,824,188","69,930,551","71,077,227","70,890,755","70,623,551","71,131,474","71,211,086","69,384,683","71,946,487","74,032,059","74,767,638","75,974,698","75,959,099","74,901,827","75,197,697","75,290,360","74,430,409","75,611,139","76,816,513","75,542,653","77,742,022","79,869,476","80,199,490","82,073,710","82,022,842","81,455,391","82,436,745","83,449,920","83,377,021","84,530,732","84,058,790","82,692,256","85,432,197","86,800,447","87,743,561","89,828,978","90,271,838","87,860,781","88,309,221","88,675,009"
,"Seasonally adjusted  (x 1,000)","71,771,427","70,952,685","70,352,472","69,863,462","70,138,560","70,223,444","71,203,423","70,934,225","71,211,285","71,522,081","71,289,661","71,080,994","71,979,226","73,149,575","74,052,704","74,991,332","75,217,309","75,150,999","75,311,726","75,381,290","74,963,799","76,033,720","76,961,049","77,277,850","77,791,882","78,964,208","79,353,041","80,862,111","81,209,278","81,672,123","82,623,733","83,633,312","83,940,648","85,032,726","84,317,868","84,507,466","85,600,633","85,984,314","86,923,710","88,344,220","89,243,933","88,057,037","88,418,337","88,820,396"
"","","Ratio",,,,,,,,,,,,,,,,,,,,,,,,,,,,,,,,,,,,,,,,,,,
"Ratio of total inventory to sales","Unadjusted","1.50","1.51","1.36","1.43","1.36","1.30","1.50","1.33","1.32","1.37","1.32","1.36","1.44","1.51","1.31","1.47","1.30","1.30","1.51","1.34","1.35","1.37","1.33","1.45","1.49","1.56","1.37","1.49","1.34","1.34","1.47","1.38","1.44","1.39","1.43","1.57","1.58","1.69","1.47","1.56","1.42","1.48","1.58","1.51"
,"Seasonally adjusted","1.37","1.42","1.42","1.39","1.41","1.39","1.40","1.38","1.38","1.39","1.37","1.33","1.34","1.36","1.38","1.38","1.37","1.40","1.43","1.40","1.39","1.41","1.38","1.38","1.42","1.40","1.40","1.44","1.42","1.41","1.42","1.45","1.44","1.46","1.48","1.50","1.51","1.52","1.49","1.53","1.52","1.52","1.55","1.54"
"Ratio of finished goods to sales","Unadjusted","0.48","0.49","0.44","0.47","0.44","0.43","0.49","0.44","0.43","0.46","0.44","0.46","0.48","0.51","0.44","0.50","0.44","0.44","0.51","0.45","0.44","0.45","0.44","0.48","0.49","0.52","0.46","0.50","0.44","0.44","0.48","0.45","0.47","0.45","0.46","0.51","0.52","0.56","0.50","0.53","0.48","0.49","0.52","0.49"
,"Seasonally adjusted","0.44","0.46","0.46","0.45","0.45","0.45","0.46","0.46","0.46","0.47","0.46","0.45","0.45","0.46","0.46","0.46","0.46","0.47","0.48","0.47","0.46","0.47","0.46","0.46","0.47","0.46","0.47","0.48","0.46","0.46","0.46","0.47","0.47","0.47","0.49","0.49","0.50","0.50","0.50","0.51","0.51","0.50","0.50","0.50"


Footnotes:
1,"All data up to December 2003 are calibrated to levels from the Annual Survey of Manufactures and Logging (ASML). Starting in January 2004, the data are reconciled with the ASML, but the aggregate industry estimates may be different."
2,"Beginning with reference year 2009, the data are classified by industry based on the North American Industry Classification System (NAICS) 2012."
3,"With the release on May 16, 2019, the Monthly Survey of Manufacturing (MSM) has published revised estimates. Estimates of sales of goods manufactured, inventories and orders have been revised back to January 2013 for the unadjusted data, and back to January 2011 for the seasonally adjusted data."

"How to cite: Statistics Canada. Table 16-10-0047-01 Manufacturers' sales, inventories, orders and inventory to sales ratios, by industry (dollars unless otherwise noted)"
https://www150.statcan.gc.ca/t1/tbl1/en/tv.action?pid=1610004701
DOI: https://doi.org/10.25318/1610004701-eng